argument -malin -rand -moms -dlis defaut -malin-wl -rand-wl -moms-wl -dlis-wl -wl 
50 0.137080907822 0.163111925125 1.06665492058 2.83948993683 0.00263500213623 0.270062923431 0.34081697464 0.337778091431 0.12761592865 0.11687707901 
100 1.58955407143 0.442877054214 0.601475000381 0.134260892868 0.122696876526 0.0453968048096 0.0394051074982 0.02960896492 0.0283889770508 0.0293800830841 
150 0.1383061409 0.182966947556 0.156116008759 3.45393395424 0.214671134949 0.0225851535797 0.0218260288239 0.0313119888306 0.0260620117188 0.0230031013489 
200 0.0993721485138 1.38265490532 14.805562973 2.12721800804 0.303358793259 0.0433130264282 0.0460929870605 0.0502319335938 0.0454878807068 0.0420758724213 
250 1.3036980629 0.545985221863 0.493399858475 0.0880739688873 0.0450479984283 0.0142090320587 0.0133371353149 0.0169649124146 0.0169060230255 0.0177810192108 
300 0.0319030284882 0.0444059371948 0.0335102081299 0.0278661251068 0.0396220684052 0.0128309726715 0.0136189460754 0.0190107822418 0.0123419761658 0.0124909877777 
350 0.0313928127289 0.030534029007 0.132714986801 0.0259368419647 0.0324440002441 0.0222561359406 0.0105400085449 0.0135259628296 0.0133998394012 0.0128490924835 
400 0.0341310501099 0.030580997467 0.0307950973511 0.0267541408539 0.0317578315735 0.0159709453583 0.0133039951324 0.109042167664 0.145071029663 0.134552955627 
450 1.64370703697 0.591344833374 0.631314992905 8.91249108315 5.78850603104 0.084037065506 0.0543949604034 0.0661780834198 0.0529379844666 0.0529329776764 
500 0.351969957352 0.329234838486 3.4397110939 0.210273981094 0.27349114418 0.0829119682312 0.0196180343628 0.0229249000549 0.202592134476 0.205440044403 
550 0.0713541507721 0.0738101005554 0.0706598758698 0.0968389511108 5.04998898506 0.133083105087 0.0135231018066 0.0175948143005 0.0156319141388 0.0127668380737 
600 0.0502209663391 0.0496389865875 0.0513610839844 0.0428581237793 0.0801820755005 0.014976978302 0.0142731666565 0.0166618824005 0.0164852142334 0.0145819187164 
650 0.0458209514618 0.0427100658417 0.0500791072845 0.0455429553986 0.14932012558 0.00244283676147 0.00240421295166 0.00256395339966 0.0023558139801 0.00264596939087 
700 0.00338888168335 0.00246906280518 0.00209712982178 0.00297999382019 0.00266909599304 0.00237798690796 0.00301003456116 0.0027060508728 0.00797200202942 0.0023238658905 
750 0.00253510475159 0.00235795974731 0.00757217407227 0.00236797332764 0.00242400169373 0.00323987007141 0.00251507759094 0.00226593017578 0.00256586074829 0.00243592262268 
800 0.00267601013184 0.00217199325562 0.00287413597107 0.00239586830139 0.00225901603699 0.00276589393616 0.00696706771851 0.00406193733215 0.00240087509155 0.00242805480957 
850 0.00289702415466 0.00219893455505 0.00298810005188 0.0028760433197 0.0028030872345 0.00313711166382 0.00266599655151 0.00234889984131 0.00227189064026 0.00252199172974 
900 0.00276207923889 0.00234699249268 0.00236892700195 0.0026581287384 0.00273609161377 0.0030460357666 0.00241804122925 0.00398993492126 0.00243401527405 0.00232195854187 
950 0.00629186630249 0.00330209732056 0.00311303138733 0.00319409370422 0.00257706642151 0.00251603126526 0.00328922271729 0.00238299369812 0.00351214408875 0.00247097015381 
1000 0.00517582893372 0.00217008590698 0.00350999832153 0.00213193893433 0.00260901451111 0.00556206703186 0.0030529499054 0.00394296646118 0.00283002853394 0.00525212287903 
1050 0.00253987312317 0.00341296195984 0.00213193893433 0.00277090072632 0.00818395614624 0.00317406654358 0.00249600410461 0.00232195854187 0.00302410125732 0.00222992897034 
1100 0.0023832321167 0.00278401374817 0.00261807441711 0.00271487236023 0.00409698486328 0.00251507759094 0.00262212753296 0.00274395942688 0.0133819580078 0.0131480693817 
1150 0.0387699604034 0.0403800010681 0.042289018631 0.0347101688385 0.0434350967407 0.0123801231384 0.0120120048523 0.0157248973846 0.0168478488922 0.0134370326996 
1200 0.0406391620636 0.0357129573822 0.0432641506195 0.0402200222015 0.0454611778259 0.0133981704712 0.0127520561218 0.0157179832458 0.0122861862183 0.01282787323 
1250 0.0405220985413 0.037899017334 0.0492610931396 0.749965906143 1.06626415253 0.367701053619 0.117355823517 0.0353109836578 0.0258839130402 0.0304279327393 
1300 0.124587059021 0.197556972504 0.105125904083 0.09410405159 7.48500204086 1.00969099998 0.120381116867 0.109750032425 0.0986020565033 0.17631316185 
1350 0.102709054947 0.0988800525665 0.204885005951 0.10521697998 0.134898900986 0.0268940925598 0.0272860527039 0.0349180698395 0.0292291641235 0.0293800830841 
1400 8.10073804855 0.171070098877 0.0829079151154 0.0770890712738 0.0876669883728 0.0418798923492 0.0851829051971 0.0266149044037 0.0937411785126 0.0231418609619 
1450 0.0800561904907 0.0813539028168 1.6098151207 0.155903816223 0.0876879692078 0.0208640098572 0.0172829627991 0.0244979858398 0.0189549922943 0.633106946945 
1500 17.4505360126 0.361274003983 0.454861879349 0.177349090576 0.207116127014 0.111578226089 0.0346200466156 0.0477230548859 0.0499198436737 0.0403480529785 
1550 0.188454151154 0.215426921844 0.0345048904419 0.0249309539795 0.0275609493256 0.0105409622192 0.0112478733063 0.0151770114899 0.0120508670807 0.0201699733734 
1600 0.0259358882904 0.0226590633392 0.0294291973114 0.0216171741486 0.130101919174 0.0439610481262 0.0132610797882 0.0124440193176 0.0115637779236 0.0110909938812 
1650 0.0270309448242 0.0297250747681 0.0253050327301 0.0251700878143 0.026435136795 0.0150210857391 0.0108292102814 0.0121929645538 0.121841907501 0.156049966812 
1700 1.8529419899 0.0117502212524 0.00600600242615 0.00612092018127 0.00666809082031 0.00489592552185 0.00645303726196 0.0066089630127 0.00406002998352 0.0379729270935 
1750 0.00571298599243 0.00520801544189 0.0231900215149 0.00688600540161 0.00750803947449 0.006422996521 0.00426888465881 0.00434112548828 0.00474095344543 0.00473189353943 
1800 0.00880599021912 0.00649213790894 0.0139570236206 0.00632190704346 0.0118851661682 0.00663709640503 0.00399494171143 0.00535106658936 0.00419211387634 0.00450706481934 
1850 0.00551080703735 0.00452995300293 0.00702905654907 0.00542712211609 0.00811576843262 0.00416898727417 0.107680797577 0.954796075821 0.020644903183 0.0170810222626 
1900 0.133177042007 0.0653321743011 0.0719940662384 0.0577960014343 0.155889034271 0.0215320587158 0.0199999809265 0.0232617855072 0.0222580432892 0.024561882019 
1950 0.0720081329346 0.0723960399628 0.0775558948517 3.67159986496 13.8111240864 0.403086900711 0.343335866928 0.119843959808 0.110636949539 0.0981378555298 
2000 0.893759012222 0.200546979904 0.0864059925079 0.0719590187073 0.132051229477 0.0427792072296 0.0400540828705 0.0481901168823 0.0439639091492 0.0426180362701 
