argument -malin -rand -moms -dlis default -malin-wl -rand-wl -moms-wl -dlis-wl -wl
argument -malin -rand -moms -dlis defaut -malin-wl -rand-wl -moms-wl -dlis-wl -wl 
1000 0.344903945923 
0.170900821686 
0.0104651451111 
0.0119600296021 
0.00971484184265 
0.737479925156 
1.02486300468 
0.0241420269012 
0.0353448390961 
0.504787921906 
2000 0.0161430835724 
0.274047851562 
0.0168929100037 
0.0383501052856 
0.0168330669403 
2.90847992897 
3.19630289078 
0.0353720188141 
0.0395410060883 
2.28686881065 
3000 0.302760124207 
0.0234110355377 
0.0251097679138 
0.0307021141052 
0.0227699279785 
6.97053694725 
6.14333796501 
0.422934055328 
0.141047000885 
4.24221301079 
4000 0.335524082184 
0.197186946869 
0.0315937995911 
0.0302648544312 
0.0396151542664 
9.64739084244 
10.1468718052 
0.0712831020355 
0.202163934708 
8.2994761467 
5000 0.0299940109253 
0.0328991413116 
0.0489921569824 
0.062735080719 
0.0350391864777 
14.6353368759 
15.1007561684 
0.571287870407 
0.100276947021 
12.9138770103 
