argument -malin-wl -rand-wl -moms-wl -dlis-wl -wl -malin-wl-cl -rand-wl-cl -moms-wl-cl -dlis-wl-cl -wl-cl 
1000 0.922120499611 0.912837028503 0.72183868885 0.673251628876 0.925196123123 0.931276702881 0.950000977516 0.704904747009 0.673305273056 0.922542285919 
1500 1.49709136486 1.52617504597 1.02395818233 0.963784527779 1.47836763859 1.48336029053 1.49487850666 1.03417100906 0.931610369682 1.49499886036 
2000 2.16222951412 2.1615530014 1.35796911716 1.24979681969 2.1344222784 2.18837165833 2.15937149525 1.34786832333 1.26959850788 2.18762867451 
2500 2.95292136669 2.98650138378 1.6537430048 1.55506536961 2.89918413162 2.97461776733 3.00331099033 1.66760110855 1.54339497089 2.94859905243 
3000 3.77639181614 3.81015684605 2.00755681992 1.81761512756 3.77336158752 3.8938647747 3.85248048306 1.99329769611 1.83436038494 3.72035534382 
3500 4.7340430975 4.80066828728 2.34200491905 2.11567890644 4.75488977432 4.76800599098 4.8131953001 2.31118206978 2.1478405714 4.71989061832 
4000 5.85028874874 5.85841600895 2.65028369427 2.45807728767 5.7502751112 5.8223303318 5.84952206612 2.70985279083 2.47851107121 6.00108351707 
4500 7.13137302399 7.35092287064 3.04165449142 2.85573847294 6.99805679321 7.06343839169 7.02477958202 3.03193938732 2.6701900959 6.89125099182 
5000 8.39498968124 8.5353192091 3.39815928936 3.08053152561 8.36717114449 8.50328316689 8.48008220196 3.32525465488 3.01879880428 8.266421175 
