argument -malin-wl -rand-wl -moms-wl -dlis-wl -wl -malin-wl-cl -rand-wl-cl -moms-wl-cl -dlis-wl-cl -wl-cl 
50 0.064964056015 0.0849039554596 0.0598080158234 0.0444979667664 0.0437309741974 0.0435719490051 0.0442271232605 0.0465869903564 0.167629957199 0.0711979866028 
100 0.109330892563 0.110757112503 0.120965957642 0.119585990906 0.211642980576 0.0999970436096 0.0997240543365 0.203113079071 0.121869802475 0.109652042389 
150 0.116550922394 0.10285615921 0.0969531536102 0.103056192398 0.0867850780487 0.12286901474 0.0591049194336 0.0987169742584 0.108713150024 0.0844230651855 
200 0.0947811603546 0.211650133133 0.313310861588 0.29288315773 0.238864183426 0.125946998596 0.290354967117 0.185674905777 0.145040988922 0.182899951935 
250 0.104364871979 0.0979089736938 0.205626964569 0.121307134628 0.0969440937042 0.100200891495 0.102520942688 0.186665058136 0.244593858719 0.157586097717 
300 0.156774044037 0.248929977417 0.153108119965 0.234455108643 0.126379966736 0.14056801796 0.0975720882416 0.247883081436 0.372096061707 0.385849952698 
350 0.445634126663 0.0884301662445 0.0296740531921 0.0297160148621 0.0353538990021 0.0246088504791 0.0239400863647 0.0360591411591 0.0278971195221 0.0269479751587 
400 0.0256130695343 0.0269000530243 0.0300590991974 0.120953083038 0.0229458808899 0.0241367816925 0.0245389938354 0.031044960022 0.346435070038 0.406134128571 
450 0.512147903442 0.219481229782 0.151736974716 0.216875076294 0.114887952805 0.199684143066 0.161744117737 0.207520008087 0.214950084686 0.165697097778 
500 0.0283060073853 0.0239579677582 0.0366899967194 0.0313880443573 0.0372431278229 0.0285530090332 0.043751001358 0.0332560539246 0.0328669548035 0.0279071331024 
550 0.0279159545898 0.0249688625336 0.0331690311432 0.032732963562 0.132287025452 0.0305550098419 0.027135848999 0.0360889434814 0.0379049777985 0.0270059108734 
600 0.0293889045715 0.311975002289 0.429297924042 0.488363027573 0.374826908112 0.244848012924 0.213392972946 0.133172988892 0.159248828888 0.0787580013275 
650 0.0850760936737 0.186435937881 0.0980398654938 0.0976469516754 0.223304986954 0.174988031387 0.150977134705 0.22949385643 0.258549928665 0.0191149711609 
700 0.0161161422729 0.0168099403381 0.024346113205 0.161227941513 0.0193371772766 0.0118081569672 0.0168190002441 0.105903148651 0.0177118778229 0.0210700035095 
750 0.0936570167542 0.0143671035767 0.0283498764038 0.0167260169983 0.106336116791 0.0374460220337 0.0384459495544 0.0760271549225 0.078705072403 0.164078950882 
800 0.0724010467529 0.0639431476593 0.0701658725739 0.0790588855743 0.140017986298 0.0628221035004 0.0676488876343 0.648463010788 0.617043018341 0.446317911148 
850 0.411550045013 0.164094924927 0.154041051865 0.148540973663 0.199740886688 0.133666038513 0.181849002838 0.261386871338 0.182153940201 0.148515939713 
900 0.241701126099 0.361519098282 0.488662004471 0.413510084152 0.548903942108 0.200862884521 0.165072917938 0.26472902298 0.210269212723 0.173165082932 
950 0.437325000763 0.393752098083 0.55224609375 0.241285085678 0.208463907242 0.321949005127 0.258316040039 0.254505157471 0.201112985611 0.293385028839 
1000 0.403074979782 0.345053911209 0.301103115082 0.222393035889 0.191177129745 0.106194972992 0.258059978485 0.138720035553 0.152451038361 0.11877989769 
1050 0.18438911438 0.107939004898 0.146666049957 0.219225168228 0.190596818924 0.324723005295 0.254690170288 0.180485010147 0.184455156326 0.142987012863 
1100 0.142824172974 0.217017889023 0.137106180191 0.230856895447 0.108752012253 0.122304916382 0.108694076538 0.247162103653 0.107211112976 0.160752058029 
1150 0.165449142456 0.25420999527 0.206033945084 0.217154026031 0.25346493721 0.269737005234 0.301622152328 0.357346057892 0.164687871933 0.266983032227 
1200 0.243228197098 0.149830818176 0.268938064575 0.320904016495 0.648650169373 0.698785066605 0.239139080048 0.350502967834 0.0737221240997 0.173275947571 
1250 0.0674939155579 0.0756049156189 0.0812890529633 0.0744161605835 0.0634069442749 0.149499893188 0.071818113327 0.217736959457 0.190201044083 0.203236818314 
1300 0.2516310215 0.155189990997 0.112967014313 0.106439113617 0.137199878693 0.0601360797882 0.0762288570404 0.11644411087 0.16507601738 0.0950870513916 
1350 0.318867206573 0.366554021835 0.504929065704 0.347345113754 0.275812864304 0.253656864166 0.107742071152 0.211122989655 0.226602077484 0.280702114105 
1400 0.0693581104279 0.0828649997711 0.143402099609 0.0794699192047 0.0677399635315 0.0693950653076 0.136718034744 0.0833029747009 0.0845279693604 0.0664451122284 
1450 0.333853960037 0.225059986115 0.322269916534 0.371888160706 0.50261592865 0.290496110916 0.162052154541 0.194846868515 0.184178113937 0.156132936478 
1500 0.260828971863 0.138339996338 0.233556032181 0.1635658741 0.193108081818 0.0816569328308 0.100227832794 0.15337395668 0.123540878296 0.106915950775 
1550 0.111588954926 0.245485067368 0.138898134232 0.600970029831 0.426187038422 0.196022987366 0.140828847885 0.181960821152 0.179827213287 0.224604129791 
1600 0.0127060413361 0.00991702079773 0.0115718841553 0.0111172199249 0.0100169181824 0.0108749866486 0.00857496261597 0.0162529945374 0.0101261138916 0.0104048252106 
1650 0.00969386100769 0.0088210105896 0.0131070613861 0.0105328559875 0.119465112686 0.00873517990112 0.00911498069763 0.0530421733856 0.00940299034119 0.00844502449036 
1700 0.00825095176697 0.00920915603638 0.0104188919067 0.010586977005 0.0103220939636 0.00823283195496 0.00948596000671 0.0108370780945 0.010890007019 0.0102360248566 
1750 0.0140738487244 0.0118129253387 0.011981010437 0.0125470161438 0.00965094566345 0.0104250907898 0.00898504257202 0.115209102631 0.0108959674835 0.620702028275 
1800 0.672280073166 0.236321210861 0.339924097061 0.373790025711 0.142737865448 0.073860168457 0.121007204056 0.241781949997 0.0948231220245 0.20731306076 
1850 0.262154817581 0.216655015945 0.279392957687 0.0431280136108 0.0349860191345 0.0340309143066 0.0331830978394 0.0415570735931 0.0386319160461 0.0335168838501 
1900 0.0351450443268 0.0866041183472 0.0398440361023 0.0378510951996 0.0335619449615 0.0367460250854 0.0325899124146 0.0390179157257 0.0571181774139 0.0313761234283 
1950 0.0356690883636 0.0312099456787 0.0401439666748 0.03790807724 0.0343880653381 0.429994821548 0.358861923218 0.402305841446 0.0218539237976 0.0151960849762 
2000 0.0188558101654 0.0287339687347 0.0182859897614 0.0170221328735 0.0164670944214 0.0160231590271 0.0147349834442 0.0195000171661 0.0194218158722 0.0183920860291 
